{
 "connections": {
  "median": [
   [
    12122, 
    11154, 
    -0.04047039896249771
   ], 
   [
    12120, 
    12163, 
    -0.04254345968365669
   ], 
   [
    11154, 
    11145, 
    -0.057756174355745316
   ], 
   [
    11143, 
    12120, 
    0.03833002224564552
   ], 
   [
    12122, 
    12111, 
    0.07928614318370819
   ], 
   [
    12103, 
    12146, 
    0.06101127341389656
   ], 
   [
    11150, 
    11152, 
    -0.044907812029123306
   ], 
   [
    11160, 
    11172, 
    -0.03309441730380058
   ], 
   [
    11102, 
    11102, 
    0.1219048723578453
   ], 
   [
    11145, 
    12140, 
    -0.05762289837002754
   ], 
   [
    11147, 
    11127, 
    0.041157316416502
   ], 
   [
    12172, 
    11143, 
    -0.034932397305965424
   ], 
   [
    12163, 
    12148, 
    0.07176590710878372
   ], 
   [
    12102, 
    11121, 
    0.03310132026672363
   ], 
   [
    12156, 
    12118, 
    0.05039508268237114
   ], 
   [
    11145, 
    11122, 
    0.08202027529478073
   ], 
   [
    50, 
    12145, 
    -0.035501495003700256
   ], 
   [
    12164, 
    12164, 
    0.0701446607708931
   ], 
   [
    12110, 
    11122, 
    0.04959750175476074
   ], 
   [
    11163, 
    11148, 
    0.0477055199444294
   ], 
   [
    12160, 
    12160, 
    0.05139639601111412
   ], 
   [
    12143, 
    11102, 
    0.08437906205654144
   ], 
   [
    11160, 
    11111, 
    0.06804277002811432
   ], 
   [
    12130, 
    12125, 
    0.03345787897706032
   ], 
   [
    12146, 
    12156, 
    -0.03305889666080475
   ], 
   [
    11145, 
    11146, 
    0.04133136570453644
   ], 
   [
    11111, 
    12110, 
    0.046891774982213974
   ], 
   [
    12145, 
    12141, 
    0.03303143009543419
   ], 
   [
    12156, 
    12126, 
    0.04772862046957016
   ], 
   [
    12158, 
    12140, 
    -0.041944775730371475
   ], 
   [
    11136, 
    11139, 
    0.04320254176855087
   ], 
   [
    12154, 
    11152, 
    -0.04420919343829155
   ], 
   [
    12101, 
    12101, 
    0.03365940600633621
   ], 
   [
    12172, 
    12120, 
    -0.04509521275758743
   ], 
   [
    11161, 
    12110, 
    0.0334024541079998
   ], 
   [
    12143, 
    11158, 
    0.05821990221738815
   ], 
   [
    11145, 
    12175, 
    0.03813867270946503
   ], 
   [
    11122, 
    11111, 
    0.07863301783800125
   ], 
   [
    12154, 
    11122, 
    -0.04218055307865143
   ], 
   [
    12162, 
    12111, 
    0.04603176563978195
   ], 
   [
    12158, 
    11161, 
    0.03463785722851753
   ], 
   [
    12158, 
    12172, 
    -0.04663596674799919
   ], 
   [
    11145, 
    12122, 
    0.07713121175765991
   ], 
   [
    11139, 
    12103, 
    0.05147576704621315
   ], 
   [
    11160, 
    12164, 
    -0.035103753209114075
   ], 
   [
    12122, 
    11152, 
    0.07430499792098999
   ], 
   [
    11154, 
    11143, 
    -0.036870092153549194
   ], 
   [
    12, 
    12159, 
    -0.036751557141542435
   ], 
   [
    12152, 
    11120, 
    0.05937594920396805
   ], 
   [
    12156, 
    12154, 
    0.050349775701761246
   ], 
   [
    11127, 
    11127, 
    0.041932612657547
   ], 
   [
    11150, 
    11158, 
    -0.03416813164949417
   ], 
   [
    12148, 
    11158, 
    -0.03929273411631584
   ], 
   [
    12141, 
    11141, 
    0.033715203404426575
   ], 
   [
    11172, 
    11160, 
    -0.03309441730380058
   ], 
   [
    12146, 
    12129, 
    0.033221788704395294
   ], 
   [
    12125, 
    12172, 
    0.04929659888148308
   ], 
   [
    12105, 
    11172, 
    0.04104918614029884
   ], 
   [
    12158, 
    11152, 
    0.08067137002944946
   ], 
   [
    11161, 
    11159, 
    0.03364674374461174
   ], 
   [
    12167, 
    12110, 
    0.05940677970647812
   ], 
   [
    11146, 
    12103, 
    0.05533842369914055
   ], 
   [
    11169, 
    12175, 
    -0.034682273864746094
   ], 
   [
    11145, 
    11120, 
    0.05835367739200592
   ], 
   [
    11158, 
    12122, 
    0.0852871835231781
   ], 
   [
    12171, 
    11148, 
    0.0561380460858345
   ], 
   [
    11110, 
    11159, 
    0.08562617748975754
   ], 
   [
    12110, 
    11120, 
    0.037346869707107544
   ], 
   [
    12163, 
    12110, 
    -0.06919167190790176
   ], 
   [
    12111, 
    12146, 
    0.042073704302310944
   ], 
   [
    12130, 
    12172, 
    0.08043811470270157
   ], 
   [
    11163, 
    12163, 
    0.05385466665029526
   ], 
   [
    26, 
    58, 
    0.038192979991436005
   ], 
   [
    11166, 
    12167, 
    0.043535348027944565
   ], 
   [
    11160, 
    12140, 
    -0.04016895592212677
   ], 
   [
    12158, 
    11122, 
    0.08588169515132904
   ], 
   [
    12172, 
    12122, 
    -0.033722247928380966
   ], 
   [
    12143, 
    11152, 
    0.07779769599437714
   ], 
   [
    12159, 
    11160, 
    0.08211860805749893
   ], 
   [
    11169, 
    11157, 
    0.04417680948972702
   ], 
   [
    12120, 
    11110, 
    0.06143777444958687
   ], 
   [
    12125, 
    11172, 
    0.03474105894565582
   ], 
   [
    12130, 
    12110, 
    0.039887044578790665
   ], 
   [
    12102, 
    11143, 
    0.04763878881931305
   ], 
   [
    12172, 
    11108, 
    0.034247517585754395
   ], 
   [
    11159, 
    11110, 
    0.08562617748975754
   ], 
   [
    12130, 
    11147, 
    0.03575977683067322
   ], 
   [
    12163, 
    58, 
    0.04540831223130226
   ], 
   [
    11110, 
    11111, 
    0.05134731903672218
   ], 
   [
    11161, 
    11122, 
    0.03892179951071739
   ], 
   [
    11145, 
    12120, 
    0.059668634086847305
   ], 
   [
    12163, 
    11146, 
    -0.03322487324476242
   ], 
   [
    11171, 
    11171, 
    0.065913125872612
   ], 
   [
    11159, 
    11143, 
    0.06953936815261841
   ], 
   [
    11113, 
    11113, 
    0.05372746288776398
   ], 
   [
    12120, 
    11102, 
    0.03880695998668671
   ], 
   [
    11110, 
    11156, 
    0.04572977125644684
   ], 
   [
    11156, 
    11110, 
    0.04572977125644684
   ], 
   [
    11148, 
    11158, 
    -0.05291227996349335
   ], 
   [
    12111, 
    11152, 
    0.05426638573408127
   ], 
   [
    12110, 
    12166, 
    0.08274824172258377
   ], 
   [
    11101, 
    12171, 
    0.03445795923471451
   ], 
   [
    12154, 
    12175, 
    0.03451254218816757
   ], 
   [
    12159, 
    11122, 
    0.09284394234418869
   ], 
   [
    11147, 
    11149, 
    0.03368556872010231
   ], 
   [
    12158, 
    12158, 
    0.15553399920463562
   ], 
   [
    12101, 
    12172, 
    0.049179501831531525
   ], 
   [
    12163, 
    12152, 
    -0.051768459379673004
   ], 
   [
    12159, 
    12159, 
    0.12819170951843262
   ], 
   [
    12152, 
    12120, 
    0.07849076390266418
   ], 
   [
    12155, 
    12172, 
    0.04007137194275856
   ], 
   [
    11147, 
    12109, 
    0.03673843666911125
   ], 
   [
    11158, 
    12120, 
    0.08650805056095123
   ], 
   [
    11110, 
    11157, 
    0.05656832456588745
   ], 
   [
    12122, 
    12148, 
    -0.03352253511548042
   ], 
   [
    58, 
    12140, 
    0.032994594424963
   ], 
   [
    11166, 
    12109, 
    0.05301475524902344
   ], 
   [
    11143, 
    12172, 
    -0.034932397305965424
   ], 
   [
    11110, 
    12159, 
    0.07072841376066208
   ], 
   [
    11162, 
    12120, 
    0.03774102032184601
   ], 
   [
    11102, 
    11111, 
    0.03914262354373932
   ], 
   [
    12152, 
    12160, 
    0.033777866512537
   ], 
   [
    11139, 
    12166, 
    -0.044920727610588074
   ], 
   [
    11120, 
    12110, 
    0.037346869707107544
   ], 
   [
    11158, 
    11160, 
    0.06770201772451401
   ], 
   [
    12145, 
    11102, 
    0.056306079030036926
   ], 
   [
    11122, 
    12162, 
    0.04776144027709961
   ], 
   [
    12159, 
    11119, 
    0.041154470294713974
   ], 
   [
    12111, 
    12156, 
    -0.03691411018371582
   ], 
   [
    12140, 
    12106, 
    0.0361982025206089
   ], 
   [
    11143, 
    11145, 
    0.047187916934490204
   ], 
   [
    12156, 
    11127, 
    0.04024488851428032
   ], 
   [
    12143, 
    11154, 
    -0.03318816423416138
   ], 
   [
    11158, 
    11110, 
    0.08674729615449905
   ], 
   [
    11163, 
    11175, 
    -0.041232578456401825
   ], 
   [
    12145, 
    11110, 
    0.07376628369092941
   ], 
   [
    11127, 
    11147, 
    0.041157316416502
   ], 
   [
    12163, 
    11133, 
    -0.04928530380129814
   ], 
   [
    12155, 
    11120, 
    -0.03333435580134392
   ], 
   [
    12133, 
    11141, 
    0.03459039703011513
   ], 
   [
    12156, 
    12162, 
    -0.0349588505923748
   ], 
   [
    12163, 
    11148, 
    0.05930928513407707
   ], 
   [
    11152, 
    11117, 
    -0.06914310157299042
   ], 
   [
    12125, 
    12130, 
    0.03345787897706032
   ], 
   [
    12159, 
    12162, 
    0.03749125078320503
   ], 
   [
    11143, 
    11172, 
    -0.042751237750053406
   ], 
   [
    12110, 
    58, 
    -0.03412170708179474
   ], 
   [
    11122, 
    11162, 
    0.0412270687520504
   ], 
   [
    11152, 
    11159, 
    0.06450103968381882
   ], 
   [
    12110, 
    12145, 
    0.04744189605116844
   ], 
   [
    11172, 
    11130, 
    0.058187637478113174
   ], 
   [
    12160, 
    12120, 
    0.037919823080301285
   ], 
   [
    12158, 
    11105, 
    -0.033639002591371536
   ], 
   [
    12111, 
    12115, 
    -0.03560279682278633
   ], 
   [
    12162, 
    12166, 
    0.042708706110715866
   ], 
   [
    12163, 
    12154, 
    0.04098176211118698
   ], 
   [
    12128, 
    11160, 
    0.040243733674287796
   ], 
   [
    12110, 
    11147, 
    0.04818660020828247
   ], 
   [
    12172, 
    11130, 
    0.07429192960262299
   ], 
   [
    12154, 
    12158, 
    -0.06580790132284164
   ], 
   [
    11122, 
    12122, 
    0.08866509795188904
   ], 
   [
    12140, 
    12156, 
    0.10741913318634033
   ], 
   [
    12145, 
    58, 
    -0.03375149518251419
   ], 
   [
    12122, 
    12146, 
    0.03957788273692131
   ], 
   [
    12164, 
    12111, 
    -0.03748488798737526
   ], 
   [
    11110, 
    12157, 
    0.039834730327129364
   ], 
   [
    12168, 
    12168, 
    0.04883440211415291
   ], 
   [
    11145, 
    11148, 
    -0.03726232051849365
   ], 
   [
    12111, 
    12158, 
    0.0697958767414093
   ], 
   [
    12113, 
    11106, 
    0.03698037937283516
   ], 
   [
    12143, 
    12102, 
    0.047000952064991
   ], 
   [
    12167, 
    11166, 
    0.043535348027944565
   ], 
   [
    12113, 
    12171, 
    0.052574917674064636
   ], 
   [
    12156, 
    11170, 
    0.04323364049196243
   ], 
   [
    11160, 
    11143, 
    0.07209032028913498
   ], 
   [
    11119, 
    11158, 
    0.03415757417678833
   ], 
   [
    11141, 
    12133, 
    0.03459039703011513
   ], 
   [
    11125, 
    11172, 
    0.036734286695718765
   ], 
   [
    12158, 
    11166, 
    -0.03638152778148651
   ], 
   [
    12143, 
    12158, 
    0.06782160699367523
   ], 
   [
    12159, 
    11159, 
    0.11022968590259552
   ], 
   [
    11146, 
    12132, 
    -0.03534261882305145
   ], 
   [
    11147, 
    12172, 
    0.05001290887594223
   ], 
   [
    11130, 
    12172, 
    0.07429192960262299
   ], 
   [
    11145, 
    11159, 
    0.0718723013997078
   ], 
   [
    11122, 
    12159, 
    0.09284394234418869
   ], 
   [
    11159, 
    12159, 
    0.11022968590259552
   ], 
   [
    12172, 
    11172, 
    0.08774884790182114
   ], 
   [
    12162, 
    11111, 
    0.037618380039930344
   ], 
   [
    12162, 
    11145, 
    0.04425714910030365
   ], 
   [
    11111, 
    11145, 
    0.07646705955266953
   ], 
   [
    12152, 
    11158, 
    0.07258595526218414
   ], 
   [
    11139, 
    11152, 
    0.04780050739645958
   ], 
   [
    12162, 
    11120, 
    0.034663546830415726
   ], 
   [
    11105, 
    12140, 
    0.03751809522509575
   ], 
   [
    11122, 
    11160, 
    0.08353247493505478
   ], 
   [
    12111, 
    11110, 
    0.08420732617378235
   ], 
   [
    11152, 
    11145, 
    0.04762876778841019
   ], 
   [
    11172, 
    11108, 
    0.040897186845541
   ], 
   [
    11161, 
    11161, 
    0.056897733360528946
   ], 
   [
    12110, 
    11145, 
    0.06457675248384476
   ], 
   [
    11127, 
    12110, 
    0.0414818674325943
   ], 
   [
    11102, 
    12132, 
    0.03661678358912468
   ], 
   [
    11154, 
    12113, 
    0.03342057764530182
   ], 
   [
    12127, 
    11145, 
    0.038565494120121
   ], 
   [
    11122, 
    12120, 
    0.07594237476587296
   ], 
   [
    12140, 
    12158, 
    -0.041944775730371475
   ], 
   [
    12122, 
    11143, 
    0.04023465886712074
   ], 
   [
    12149, 
    12175, 
    0.06088762730360031
   ], 
   [
    11110, 
    11145, 
    0.0509444996714592
   ], 
   [
    12111, 
    11102, 
    0.03540397435426712
   ], 
   [
    11157, 
    11159, 
    0.033461280167102814
   ], 
   [
    11163, 
    11140, 
    0.0468122698366642
   ], 
   [
    11120, 
    11110, 
    0.08599522709846497
   ], 
   [
    12143, 
    11110, 
    0.06552963703870773
   ], 
   [
    11145, 
    12159, 
    0.06623619049787521
   ], 
   [
    11120, 
    11159, 
    0.09383081644773483
   ], 
   [
    12111, 
    12152, 
    0.06540309637784958
   ], 
   [
    12130, 
    12166, 
    0.036845095455646515
   ], 
   [
    12159, 
    11102, 
    0.044417403638362885
   ], 
   [
    12167, 
    11167, 
    0.03780349716544151
   ], 
   [
    11139, 
    12151, 
    0.04018981009721756
   ], 
   [
    12132, 
    12132, 
    0.03574522212147713
   ], 
   [
    11160, 
    12146, 
    0.04453939199447632
   ], 
   [
    11139, 
    11151, 
    0.03568143770098686
   ], 
   [
    11146, 
    11111, 
    0.03382005915045738
   ], 
   [
    11148, 
    12156, 
    0.08138539642095566
   ], 
   [
    12141, 
    12149, 
    0.03718705102801323
   ], 
   [
    11160, 
    11145, 
    0.07177174091339111
   ], 
   [
    12172, 
    11158, 
    -0.04412459582090378
   ], 
   [
    11152, 
    12111, 
    0.05426638573408127
   ], 
   [
    12172, 
    11109, 
    0.07417858392000198
   ], 
   [
    11157, 
    11122, 
    0.03907496854662895
   ], 
   [
    11161, 
    12161, 
    0.03297446295619011
   ], 
   [
    12143, 
    12152, 
    0.07431723922491074
   ], 
   [
    11139, 
    12111, 
    -0.04783230647444725
   ], 
   [
    12145, 
    11159, 
    0.0694970190525055
   ], 
   [
    12125, 
    12158, 
    -0.03697427734732628
   ], 
   [
    12120, 
    12143, 
    0.042694684118032455
   ], 
   [
    11147, 
    12140, 
    0.03370407596230507
   ], 
   [
    12122, 
    11160, 
    0.06737444549798965
   ], 
   [
    11158, 
    12153, 
    -0.033113908022642136
   ], 
   [
    12145, 
    12152, 
    0.08048160374164581
   ], 
   [
    11148, 
    11148, 
    0.07745977491140366
   ], 
   [
    12103, 
    12104, 
    0.03453494608402252
   ], 
   [
    11167, 
    12172, 
    0.03900621831417084
   ], 
   [
    12122, 
    12166, 
    0.035128675401210785
   ], 
   [
    11122, 
    11158, 
    0.09533236175775528
   ], 
   [
    11120, 
    12143, 
    0.051364194601774216
   ], 
   [
    12158, 
    12159, 
    0.11028397083282471
   ], 
   [
    11111, 
    11102, 
    0.03914262354373932
   ], 
   [
    11172, 
    11110, 
    -0.044255226850509644
   ], 
   [
    12139, 
    12139, 
    0.06042565777897835
   ], 
   [
    11156, 
    12110, 
    0.03476514667272568
   ], 
   [
    12164, 
    11145, 
    -0.033941205590963364
   ], 
   [
    12162, 
    12162, 
    0.04962693527340889
   ], 
   [
    12156, 
    11126, 
    0.03720017150044441
   ], 
   [
    12163, 
    12158, 
    -0.03949197009205818
   ], 
   [
    11110, 
    11122, 
    0.08367457240819931
   ], 
   [
    12175, 
    12130, 
    0.03527054563164711
   ], 
   [
    12159, 
    12158, 
    0.11028397083282471
   ], 
   [
    11154, 
    12111, 
    -0.0435006283223629
   ], 
   [
    11146, 
    12111, 
    0.037552181631326675
   ], 
   [
    11160, 
    12111, 
    0.09112465381622314
   ], 
   [
    12140, 
    12152, 
    -0.0642382949590683
   ], 
   [
    11154, 
    11160, 
    -0.056910134851932526
   ], 
   [
    12122, 
    12158, 
    0.07309608161449432
   ], 
   [
    11111, 
    11110, 
    0.05134731903672218
   ], 
   [
    11157, 
    11157, 
    0.0470002144575119
   ], 
   [
    11110, 
    12145, 
    0.07376628369092941
   ], 
   [
    12156, 
    11150, 
    0.05174122005701065
   ], 
   [
    12159, 
    11158, 
    0.09061680734157562
   ], 
   [
    11139, 
    12172, 
    -0.035007160156965256
   ], 
   [
    11158, 
    11154, 
    -0.04428468644618988
   ], 
   [
    11120, 
    11145, 
    0.05835367739200592
   ], 
   [
    11110, 
    12162, 
    0.03893209621310234
   ], 
   [
    12111, 
    12154, 
    -0.03925788402557373
   ], 
   [
    11143, 
    11143, 
    0.15585823357105255
   ], 
   [
    11120, 
    11162, 
    0.03360971808433533
   ], 
   [
    12104, 
    12103, 
    0.03453494608402252
   ], 
   [
    11166, 
    12175, 
    0.040649209171533585
   ], 
   [
    11133, 
    12166, 
    0.034008778631687164
   ], 
   [
    11167, 
    12109, 
    0.04243488982319832
   ], 
   [
    11120, 
    12172, 
    -0.046985600143671036
   ], 
   [
    12130, 
    11139, 
    -0.04274018853902817
   ], 
   [
    11162, 
    12111, 
    0.038229551166296005
   ], 
   [
    11139, 
    11130, 
    -0.036391716450452805
   ], 
   [
    11102, 
    11122, 
    0.0802164226770401
   ], 
   [
    12113, 
    11148, 
    0.04688889905810356
   ], 
   [
    11164, 
    12163, 
    0.04651597514748573
   ], 
   [
    12175, 
    11166, 
    0.040649209171533585
   ], 
   [
    12125, 
    12156, 
    0.043745674192905426
   ], 
   [
    12120, 
    12145, 
    0.06794960051774979
   ], 
   [
    12122, 
    11110, 
    0.07564499229192734
   ], 
   [
    11158, 
    12159, 
    0.09061680734157562
   ], 
   [
    12, 
    12145, 
    -0.03824694827198982
   ], 
   [
    12145, 
    12158, 
    0.06159960478544235
   ], 
   [
    11143, 
    12159, 
    0.043198976665735245
   ], 
   [
    12151, 
    12175, 
    -0.051961131393909454
   ], 
   [
    12152, 
    12175, 
    0.07607746124267578
   ], 
   [
    12143, 
    11143, 
    0.11228837817907333
   ], 
   [
    11101, 
    12163, 
    0.04815822094678879
   ], 
   [
    11130, 
    12158, 
    -0.033960986882448196
   ], 
   [
    11158, 
    11101, 
    -0.04257560521364212
   ], 
   [
    12158, 
    12145, 
    0.06159960478544235
   ], 
   [
    12158, 
    11110, 
    0.041922517120838165
   ], 
   [
    12162, 
    12158, 
    0.035768453031778336
   ], 
   [
    12122, 
    11102, 
    0.051710210740566254
   ], 
   [
    12164, 
    11147, 
    0.033360276371240616
   ], 
   [
    11102, 
    11159, 
    0.08289870619773865
   ], 
   [
    11103, 
    11103, 
    0.04110954701900482
   ], 
   [
    11163, 
    12120, 
    -0.033080969005823135
   ], 
   [
    11110, 
    11120, 
    0.08599522709846497
   ], 
   [
    12103, 
    11146, 
    0.05533842369914055
   ], 
   [
    12175, 
    11141, 
    0.05354994535446167
   ], 
   [
    12152, 
    11168, 
    -0.0378866046667099
   ], 
   [
    12159, 
    11111, 
    0.07019379734992981
   ], 
   [
    12140, 
    12154, 
    0.060262132436037064
   ], 
   [
    12154, 
    12140, 
    0.060262132436037064
   ], 
   [
    11154, 
    11158, 
    -0.04428468644618988
   ], 
   [
    12160, 
    12122, 
    0.03911431133747101
   ], 
   [
    11163, 
    11160, 
    -0.04566273093223572
   ], 
   [
    12130, 
    11172, 
    0.04632682725787163
   ], 
   [
    11158, 
    11152, 
    0.10400804877281189
   ], 
   [
    11152, 
    11170, 
    -0.041561052203178406
   ], 
   [
    11163, 
    12159, 
    -0.05009935796260834
   ], 
   [
    12141, 
    12145, 
    0.03303143009543419
   ], 
   [
    12117, 
    12156, 
    0.05842054262757301
   ], 
   [
    11159, 
    12109, 
    -0.03376233950257301
   ], 
   [
    12120, 
    11120, 
    0.0780414566397667
   ], 
   [
    13, 
    11152, 
    -0.04149179905653
   ], 
   [
    11102, 
    11120, 
    0.060310810804367065
   ], 
   [
    12171, 
    12156, 
    0.0686674416065216
   ], 
   [
    12152, 
    11122, 
    0.10320880264043808
   ], 
   [
    12152, 
    11159, 
    0.09510987997055054
   ], 
   [
    11139, 
    11158, 
    0.03623731806874275
   ], 
   [
    11103, 
    11146, 
    0.03909175097942352
   ], 
   [
    11151, 
    11139, 
    0.03568143770098686
   ], 
   [
    12122, 
    12162, 
    0.04640728607773781
   ], 
   [
    11122, 
    11154, 
    -0.041634850203990936
   ], 
   [
    11152, 
    12120, 
    0.061423931270837784
   ], 
   [
    12102, 
    11158, 
    0.05456102266907692
   ], 
   [
    12166, 
    12171, 
    0.033130720257759094
   ], 
   [
    12162, 
    12156, 
    -0.0349588505923748
   ], 
   [
    11114, 
    12145, 
    -0.03546696528792381
   ], 
   [
    11159, 
    11160, 
    0.08765564858913422
   ], 
   [
    11163, 
    12122, 
    -0.04422903060913086
   ], 
   [
    11126, 
    12140, 
    0.034378886222839355
   ], 
   [
    11164, 
    12120, 
    -0.03951089084148407
   ], 
   [
    12163, 
    11163, 
    0.05385466665029526
   ], 
   [
    11145, 
    12, 
    -0.0342911034822464
   ], 
   [
    11160, 
    12115, 
    -0.03440931439399719
   ], 
   [
    12115, 
    12154, 
    0.03309324383735657
   ], 
   [
    12171, 
    11110, 
    0.036055874079465866
   ], 
   [
    12145, 
    50, 
    -0.035501495003700256
   ], 
   [
    11117, 
    11152, 
    -0.06914310157299042
   ], 
   [
    11110, 
    11139, 
    -0.08097751438617706
   ], 
   [
    11121, 
    11152, 
    0.046670522540807724
   ], 
   [
    11130, 
    12167, 
    0.03959956765174866
   ], 
   [
    11119, 
    11110, 
    0.05537112057209015
   ], 
   [
    11120, 
    12152, 
    0.05937594920396805
   ], 
   [
    11158, 
    11158, 
    0.11102072894573212
   ], 
   [
    12110, 
    12130, 
    0.039887044578790665
   ], 
   [
    12164, 
    11172, 
    0.03494270145893097
   ], 
   [
    12125, 
    12125, 
    0.04521748423576355
   ], 
   [
    11110, 
    12166, 
    0.05763716623187065
   ], 
   [
    12158, 
    11158, 
    0.10261892527341843
   ], 
   [
    12140, 
    11145, 
    -0.05762289837002754
   ], 
   [
    12113, 
    12163, 
    0.04804372414946556
   ], 
   [
    11164, 
    11164, 
    0.04097478836774826
   ], 
   [
    11160, 
    12152, 
    0.08128241449594498
   ], 
   [
    12158, 
    11120, 
    0.07132116705179214
   ], 
   [
    12172, 
    12110, 
    0.039589203894138336
   ], 
   [
    11159, 
    12111, 
    0.09143433719873428
   ], 
   [
    11169, 
    11169, 
    0.07103771716356277
   ], 
   [
    12120, 
    11122, 
    0.07594237476587296
   ], 
   [
    12152, 
    11111, 
    0.061249490827322006
   ], 
   [
    12120, 
    11152, 
    0.061423931270837784
   ], 
   [
    11141, 
    12141, 
    0.033715203404426575
   ], 
   [
    11110, 
    12110, 
    0.10558503866195679
   ], 
   [
    12140, 
    12164, 
    0.062191639095544815
   ], 
   [
    12133, 
    11147, 
    0.03424334153532982
   ], 
   [
    11152, 
    11111, 
    0.057741373777389526
   ], 
   [
    11149, 
    11147, 
    0.03368556872010231
   ], 
   [
    11147, 
    12164, 
    0.033360276371240616
   ], 
   [
    12145, 
    11145, 
    0.09097275137901306
   ], 
   [
    11105, 
    11172, 
    0.03674053028225899
   ], 
   [
    11170, 
    12156, 
    0.04323364049196243
   ], 
   [
    11147, 
    12130, 
    0.03575977683067322
   ], 
   [
    12111, 
    12163, 
    -0.057904768735170364
   ], 
   [
    12145, 
    12146, 
    0.053354378789663315
   ], 
   [
    12158, 
    12162, 
    0.035768453031778336
   ], 
   [
    12111, 
    11154, 
    -0.0435006283223629
   ], 
   [
    12146, 
    12111, 
    0.042073704302310944
   ], 
   [
    12122, 
    12160, 
    0.03911431133747101
   ], 
   [
    12110, 
    12111, 
    0.07290784269571304
   ], 
   [
    11122, 
    11152, 
    0.0910186916589737
   ], 
   [
    11152, 
    12122, 
    0.07430499792098999
   ], 
   [
    12158, 
    12156, 
    -0.07570614665746689
   ], 
   [
    11122, 
    11122, 
    0.12012002617120743
   ], 
   [
    12109, 
    12167, 
    0.06071174889802933
   ], 
   [
    11140, 
    11163, 
    0.0468122698366642
   ], 
   [
    12156, 
    11148, 
    0.08138539642095566
   ], 
   [
    11145, 
    11106, 
    -0.03428608179092407
   ], 
   [
    12140, 
    12150, 
    0.04613809660077095
   ], 
   [
    11154, 
    11154, 
    0.05029793083667755
   ], 
   [
    11159, 
    12172, 
    -0.04438234120607376
   ], 
   [
    12122, 
    12152, 
    0.09998428076505661
   ], 
   [
    12132, 
    12170, 
    -0.03364359959959984
   ], 
   [
    11154, 
    11111, 
    -0.045017290860414505
   ], 
   [
    12172, 
    11166, 
    0.06098991632461548
   ], 
   [
    11166, 
    11130, 
    0.057073693722486496
   ], 
   [
    12147, 
    11166, 
    0.03856603801250458
   ], 
   [
    11152, 
    12159, 
    0.0822065994143486
   ], 
   [
    12146, 
    12140, 
    -0.041538823395967484
   ], 
   [
    11111, 
    12158, 
    0.07143695652484894
   ], 
   [
    12152, 
    12159, 
    0.12076958268880844
   ], 
   [
    12159, 
    11152, 
    0.0822065994143486
   ], 
   [
    12140, 
    11147, 
    0.03370407596230507
   ], 
   [
    11102, 
    12145, 
    0.056306079030036926
   ], 
   [
    11160, 
    12154, 
    -0.03591078519821167
   ], 
   [
    11148, 
    12148, 
    0.04861726984381676
   ], 
   [
    12141, 
    12141, 
    0.059896666556596756
   ], 
   [
    12141, 
    12175, 
    0.05433197319507599
   ], 
   [
    12110, 
    11111, 
    0.046891774982213974
   ], 
   [
    12110, 
    11102, 
    0.037440426647663116
   ], 
   [
    11158, 
    11122, 
    0.09533236175775528
   ], 
   [
    12120, 
    11154, 
    -0.038922008126974106
   ], 
   [
    11120, 
    12162, 
    0.034663546830415726
   ], 
   [
    11111, 
    12166, 
    0.03360408917069435
   ], 
   [
    12140, 
    12166, 
    -0.0424734465777874
   ], 
   [
    11153, 
    11169, 
    0.048684846609830856
   ], 
   [
    11158, 
    11145, 
    0.06272261589765549
   ], 
   [
    11147, 
    11147, 
    0.08698320388793945
   ], 
   [
    11147, 
    12166, 
    0.044276267290115356
   ], 
   [
    11158, 
    12145, 
    0.061973825097084045
   ], 
   [
    12152, 
    12140, 
    -0.0642382949590683
   ], 
   [
    12159, 
    12172, 
    -0.04814533144235611
   ], 
   [
    11159, 
    12145, 
    0.0694970190525055
   ], 
   [
    11143, 
    11160, 
    0.07209032028913498
   ], 
   [
    11154, 
    12159, 
    -0.0463031567633152
   ], 
   [
    11148, 
    11140, 
    0.045802824199199677
   ], 
   [
    58, 
    58, 
    0.06793252378702164
   ], 
   [
    11158, 
    12172, 
    -0.04412459582090378
   ], 
   [
    11151, 
    11151, 
    0.036982461810112
   ], 
   [
    11145, 
    12162, 
    0.04425714910030365
   ], 
   [
    11122, 
    11120, 
    0.09694338589906693
   ], 
   [
    12166, 
    12141, 
    0.034838054329156876
   ], 
   [
    11152, 
    11139, 
    0.04780050739645958
   ], 
   [
    12158, 
    11111, 
    0.07143695652484894
   ], 
   [
    11155, 
    11143, 
    -0.03914998471736908
   ], 
   [
    12110, 
    11159, 
    0.0532856285572052
   ], 
   [
    12143, 
    12143, 
    0.09816891700029373
   ], 
   [
    12156, 
    12113, 
    0.053001776337623596
   ], 
   [
    11101, 
    11101, 
    0.03891555964946747
   ], 
   [
    12158, 
    11130, 
    -0.033960986882448196
   ], 
   [
    11122, 
    12110, 
    0.04959750175476074
   ], 
   [
    12159, 
    11110, 
    0.07072841376066208
   ], 
   [
    12115, 
    12158, 
    -0.04709784686565399
   ], 
   [
    11154, 
    11152, 
    -0.04045752063393593
   ], 
   [
    11172, 
    12171, 
    0.037360675632953644
   ], 
   [
    11110, 
    11143, 
    0.07259909808635712
   ], 
   [
    12164, 
    12140, 
    0.062191639095544815
   ], 
   [
    11158, 
    11162, 
    0.03328122943639755
   ], 
   [
    12164, 
    12105, 
    0.035358332097530365
   ], 
   [
    12102, 
    11152, 
    0.0750686377286911
   ], 
   [
    12109, 
    12109, 
    0.08001730591058731
   ], 
   [
    12173, 
    12156, 
    0.04474586248397827
   ], 
   [
    11150, 
    11147, 
    0.03950570151209831
   ], 
   [
    12175, 
    12172, 
    0.05126166343688965
   ], 
   [
    11101, 
    12122, 
    -0.03397461026906967
   ], 
   [
    11152, 
    12145, 
    0.06905654817819595
   ], 
   [
    11147, 
    11166, 
    0.05789948254823685
   ], 
   [
    11152, 
    11160, 
    0.04374072328209877
   ], 
   [
    11111, 
    12152, 
    0.061249490827322006
   ], 
   [
    11108, 
    11172, 
    0.040897186845541
   ], 
   [
    12160, 
    12159, 
    0.04953140765428543
   ], 
   [
    11120, 
    11102, 
    0.060310810804367065
   ], 
   [
    12158, 
    11143, 
    0.05960194021463394
   ], 
   [
    12172, 
    12106, 
    0.0371236652135849
   ], 
   [
    11158, 
    12111, 
    0.08120600134134293
   ], 
   [
    11158, 
    11120, 
    0.09131693840026855
   ], 
   [
    11143, 
    11120, 
    0.05975434184074402
   ], 
   [
    11159, 
    11152, 
    0.06450103968381882
   ], 
   [
    12166, 
    12110, 
    0.08274824172258377
   ], 
   [
    12113, 
    12156, 
    0.053001776337623596
   ], 
   [
    11161, 
    12175, 
    -0.03936508670449257
   ], 
   [
    11156, 
    12139, 
    -0.04522106796503067
   ], 
   [
    11148, 
    12171, 
    0.0561380460858345
   ], 
   [
    12113, 
    11140, 
    0.04066798463463783
   ], 
   [
    11130, 
    12110, 
    0.0345306396484375
   ], 
   [
    11102, 
    12111, 
    0.03540397435426712
   ], 
   [
    12115, 
    11110, 
    -0.03986242040991783
   ], 
   [
    12146, 
    12103, 
    0.06101127341389656
   ], 
   [
    11170, 
    12152, 
    -0.03508884832262993
   ], 
   [
    12140, 
    12117, 
    0.04477749392390251
   ], 
   [
    12156, 
    12149, 
    0.03454272449016571
   ], 
   [
    12152, 
    11160, 
    0.08128241449594498
   ], 
   [
    12163, 
    11111, 
    -0.033991359174251556
   ], 
   [
    12122, 
    12172, 
    -0.033722247928380966
   ], 
   [
    11122, 
    11148, 
    -0.03435959666967392
   ], 
   [
    11145, 
    12160, 
    0.03347661718726158
   ], 
   [
    12111, 
    58, 
    -0.038408711552619934
   ], 
   [
    58, 
    12103, 
    -0.04515803977847099
   ], 
   [
    11143, 
    12122, 
    0.04023465886712074
   ], 
   [
    11159, 
    11163, 
    -0.04446602612733841
   ], 
   [
    12126, 
    12156, 
    0.04772862046957016
   ], 
   [
    12156, 
    12173, 
    0.04474586248397827
   ], 
   [
    12110, 
    11157, 
    0.039903417229652405
   ], 
   [
    12166, 
    12146, 
    0.041699428111314774
   ], 
   [
    11152, 
    11120, 
    0.07596591860055923
   ], 
   [
    12167, 
    12109, 
    0.06071174889802933
   ], 
   [
    11145, 
    11110, 
    0.0509444996714592
   ], 
   [
    12140, 
    12146, 
    -0.041538823395967484
   ], 
   [
    12171, 
    12113, 
    0.052574917674064636
   ], 
   [
    11113, 
    11166, 
    -0.035223767161369324
   ], 
   [
    11111, 
    11160, 
    0.06804277002811432
   ], 
   [
    58, 
    12156, 
    0.033710770308971405
   ], 
   [
    12132, 
    11102, 
    0.03661678358912468
   ], 
   [
    12154, 
    11158, 
    -0.052046578377485275
   ], 
   [
    11110, 
    12143, 
    0.06552963703870773
   ], 
   [
    11120, 
    12158, 
    0.07132116705179214
   ], 
   [
    12146, 
    12166, 
    0.041699428111314774
   ], 
   [
    58, 
    12163, 
    0.04540831223130226
   ], 
   [
    12110, 
    12132, 
    0.03310997411608696
   ], 
   [
    11172, 
    11125, 
    0.036734286695718765
   ], 
   [
    11143, 
    12145, 
    0.046400804072618484
   ], 
   [
    12139, 
    12152, 
    -0.04341502487659454
   ], 
   [
    12164, 
    11160, 
    -0.035103753209114075
   ], 
   [
    12153, 
    12158, 
    -0.04062946140766144
   ], 
   [
    12160, 
    12145, 
    0.04563805088400841
   ], 
   [
    11160, 
    12158, 
    0.07541480660438538
   ], 
   [
    11110, 
    11166, 
    0.03797828033566475
   ], 
   [
    12120, 
    11158, 
    0.08650805056095123
   ], 
   [
    11143, 
    11122, 
    0.07664532214403152
   ], 
   [
    12140, 
    58, 
    0.032994594424963
   ], 
   [
    11159, 
    11154, 
    -0.04657931625843048
   ], 
   [
    12156, 
    12156, 
    0.19397671520709991
   ], 
   [
    11159, 
    11120, 
    0.09383081644773483
   ], 
   [
    12159, 
    12111, 
    0.08408798277378082
   ], 
   [
    11111, 
    12162, 
    0.037618380039930344
   ], 
   [
    12140, 
    12162, 
    -0.03345058858394623
   ], 
   [
    12146, 
    12145, 
    0.053354378789663315
   ], 
   [
    12110, 
    11140, 
    -0.05490713566541672
   ], 
   [
    11146, 
    11145, 
    0.04133136570453644
   ], 
   [
    12164, 
    12146, 
    -0.042599037289619446
   ], 
   [
    11145, 
    12110, 
    0.06457675248384476
   ], 
   [
    11120, 
    11160, 
    0.08412300050258636
   ], 
   [
    11122, 
    12145, 
    0.083013154566288
   ], 
   [
    12145, 
    12148, 
    -0.03652988746762276
   ], 
   [
    12115, 
    11160, 
    -0.03440931439399719
   ], 
   [
    12158, 
    12163, 
    -0.03949197009205818
   ], 
   [
    11139, 
    11166, 
    -0.03642696514725685
   ], 
   [
    12143, 
    11145, 
    0.04805738106369972
   ], 
   [
    11158, 
    12160, 
    0.033565033227205276
   ], 
   [
    12158, 
    12120, 
    0.06518500298261642
   ], 
   [
    11105, 
    12158, 
    -0.033639002591371536
   ], 
   [
    11172, 
    12125, 
    0.03474105894565582
   ], 
   [
    12110, 
    12110, 
    0.12671375274658203
   ], 
   [
    11145, 
    12166, 
    0.03848034888505936
   ], 
   [
    11159, 
    11145, 
    0.0718723013997078
   ], 
   [
    12133, 
    12149, 
    0.035808008164167404
   ], 
   [
    12111, 
    11146, 
    0.037552181631326675
   ], 
   [
    11159, 
    11119, 
    0.04313471540808678
   ], 
   [
    11152, 
    11143, 
    0.09541620314121246
   ], 
   [
    12166, 
    12163, 
    -0.03367963060736656
   ], 
   [
    12172, 
    12158, 
    -0.04663596674799919
   ], 
   [
    11125, 
    12172, 
    0.03724846616387367
   ], 
   [
    11145, 
    12113, 
    -0.03741036355495453
   ], 
   [
    12159, 
    12152, 
    0.12076958268880844
   ], 
   [
    11152, 
    11122, 
    0.0910186916589737
   ], 
   [
    12140, 
    12140, 
    0.09227574616670609
   ], 
   [
    12122, 
    11145, 
    0.07713121175765991
   ], 
   [
    12146, 
    11145, 
    0.0555805079638958
   ], 
   [
    12109, 
    11167, 
    0.04243488982319832
   ], 
   [
    12145, 
    12111, 
    0.09572281688451767
   ], 
   [
    11117, 
    11110, 
    -0.04605615511536598
   ], 
   [
    12172, 
    11159, 
    -0.04438234120607376
   ], 
   [
    12148, 
    12145, 
    -0.03652988746762276
   ], 
   [
    11141, 
    11141, 
    0.04176567867398262
   ], 
   [
    11110, 
    12141, 
    0.03766573965549469
   ], 
   [
    12172, 
    11167, 
    0.03900621831417084
   ], 
   [
    12163, 
    12164, 
    0.04739130660891533
   ], 
   [
    12146, 
    12164, 
    -0.042599037289619446
   ], 
   [
    12120, 
    12120, 
    0.09365028887987137
   ], 
   [
    12167, 
    12156, 
    0.034692514687776566
   ], 
   [
    12111, 
    12110, 
    0.07290784269571304
   ], 
   [
    12163, 
    12145, 
    -0.06514900177717209
   ], 
   [
    12154, 
    12159, 
    -0.038171377032995224
   ], 
   [
    11148, 
    12146, 
    -0.03721640259027481
   ], 
   [
    11160, 
    11159, 
    0.08765564858913422
   ], 
   [
    12152, 
    12161, 
    0.035462573170661926
   ], 
   [
    12122, 
    12143, 
    0.043711889535188675
   ], 
   [
    12120, 
    11160, 
    0.08144505321979523
   ], 
   [
    12159, 
    11154, 
    -0.0463031567633152
   ], 
   [
    11159, 
    11122, 
    0.10603483766317368
   ], 
   [
    11110, 
    12102, 
    0.0527338869869709
   ], 
   [
    11139, 
    11110, 
    -0.08097751438617706
   ], 
   [
    11153, 
    11163, 
    0.04208754375576973
   ], 
   [
    12147, 
    11147, 
    0.052989356219768524
   ], 
   [
    12158, 
    12115, 
    -0.04709784686565399
   ], 
   [
    11158, 
    11139, 
    0.03623731806874275
   ], 
   [
    11145, 
    11143, 
    0.047187916934490204
   ], 
   [
    11122, 
    12143, 
    0.07120183110237122
   ], 
   [
    12140, 
    12113, 
    0.06599100679159164
   ], 
   [
    12156, 
    11135, 
    0.03353440389037132
   ], 
   [
    12132, 
    11132, 
    0.03498607873916626
   ], 
   [
    12110, 
    11169, 
    0.033800140023231506
   ], 
   [
    11143, 
    11158, 
    0.061712998896837234
   ], 
   [
    12159, 
    12145, 
    0.07674786448478699
   ], 
   [
    12164, 
    12156, 
    0.05066000297665596
   ], 
   [
    11139, 
    11136, 
    0.04320254176855087
   ], 
   [
    11145, 
    12164, 
    -0.033941205590963364
   ], 
   [
    12166, 
    11166, 
    0.08384627848863602
   ], 
   [
    12149, 
    12133, 
    0.035808008164167404
   ], 
   [
    12158, 
    11159, 
    0.10294388979673386
   ], 
   [
    12163, 
    12140, 
    0.03922079876065254
   ], 
   [
    11166, 
    11139, 
    -0.03642696514725685
   ], 
   [
    12110, 
    11161, 
    0.0334024541079998
   ], 
   [
    11146, 
    12145, 
    0.04376018047332764
   ], 
   [
    11162, 
    11158, 
    0.03328122943639755
   ], 
   [
    12175, 
    11145, 
    0.03813867270946503
   ], 
   [
    12152, 
    11170, 
    -0.03508884832262993
   ], 
   [
    12167, 
    11130, 
    0.03959956765174866
   ], 
   [
    12173, 
    11139, 
    -0.03592574596405029
   ], 
   [
    12122, 
    11159, 
    0.07314297556877136
   ], 
   [
    12120, 
    12160, 
    0.037919823080301285
   ], 
   [
    11158, 
    11163, 
    -0.049314823001623154
   ], 
   [
    12159, 
    12163, 
    -0.034180086106061935
   ], 
   [
    12102, 
    12159, 
    0.03608641400933266
   ], 
   [
    11146, 
    11103, 
    0.03909175097942352
   ], 
   [
    12163, 
    12166, 
    -0.03367963060736656
   ], 
   [
    11145, 
    12143, 
    0.04805738106369972
   ], 
   [
    11152, 
    11166, 
    -0.03774046525359154
   ], 
   [
    12146, 
    12132, 
    -0.03611786291003227
   ], 
   [
    11120, 
    11143, 
    0.05975434184074402
   ], 
   [
    11118, 
    12156, 
    0.05577905476093292
   ], 
   [
    12120, 
    12122, 
    0.07257118076086044
   ], 
   [
    12158, 
    11154, 
    -0.046287767589092255
   ], 
   [
    12158, 
    12111, 
    0.0697958767414093
   ], 
   [
    11110, 
    11160, 
    0.06618065387010574
   ], 
   [
    12102, 
    11122, 
    0.042267415672540665
   ], 
   [
    11154, 
    12122, 
    -0.04047039896249771
   ], 
   [
    11148, 
    12140, 
    0.0404171496629715
   ], 
   [
    12141, 
    12133, 
    0.039848700165748596
   ], 
   [
    12145, 
    12162, 
    0.0440276563167572
   ], 
   [
    12156, 
    11139, 
    -0.04590922221541405
   ], 
   [
    12120, 
    11162, 
    0.03774102032184601
   ], 
   [
    11108, 
    12172, 
    0.034247517585754395
   ], 
   [
    11106, 
    11145, 
    -0.03428608179092407
   ], 
   [
    12159, 
    12140, 
    -0.04041590541601181
   ], 
   [
    12106, 
    12140, 
    0.0361982025206089
   ], 
   [
    12160, 
    11159, 
    0.06840582937002182
   ], 
   [
    11145, 
    12146, 
    0.0555805079638958
   ], 
   [
    12145, 
    11143, 
    0.046400804072618484
   ], 
   [
    12120, 
    12159, 
    0.08895225077867508
   ], 
   [
    12100, 
    11152, 
    -0.036304034292697906
   ], 
   [
    12166, 
    11110, 
    0.05763716623187065
   ], 
   [
    12140, 
    11160, 
    -0.04016895592212677
   ], 
   [
    11143, 
    11152, 
    0.09541620314121246
   ], 
   [
    12164, 
    12158, 
    -0.03860033303499222
   ], 
   [
    12162, 
    11159, 
    0.05228229612112045
   ], 
   [
    12156, 
    12150, 
    0.036212775856256485
   ], 
